Descriptors [[4.42068701 4.42068701 0.99131111 0.02865246 0.         0.        ]
 [1.30749688 1.30749688 0.51651059 0.27432894 0.         0.        ]
 [1.04254313 1.04254313 0.15909314 0.04262671 0.         0.        ]]
Derivs [[ 2.36560152e-098  4.37995951e-026 -3.42200710e-026 -6.88221481e-165
  -5.70033868e-028  4.45360269e-028 -2.66481214e-153  9.72103647e-030
  -7.59492313e-030]
 [ 2.36560152e-098  4.37995951e-026 -3.42200710e-026 -6.88221481e-165
  -5.70033868e-028  4.45360269e-028 -2.66481214e-153  9.72103647e-030
  -7.59492313e-030]
 [-6.61952075e-053  1.06358804e-009 -8.30967918e-010 -5.21202889e-069
  -3.43556816e-010  2.68416605e-010 -5.47664100e-064  7.29781772e-011
  -5.70169290e-011]
 [ 1.65088048e-012  6.11403786e+030 -4.77682063e+030 -4.54451633e-010
  -9.75543466e+032  7.62179801e+032 -4.82637580e-011 -8.86304341e+032
   6.92458398e+032]
 [ 0.00000000e+000  0.00000000e+000  0.00000000e+000  0.00000000e+000
   0.00000000e+000  0.00000000e+000  0.00000000e+000  0.00000000e+000
   0.00000000e+000]
 [ 0.00000000e+000  0.00000000e+000  0.00000000e+000  0.00000000e+000
   0.00000000e+000  0.00000000e+000  0.00000000e+000  0.00000000e+000
   0.00000000e+000]
 [-1.41134134e-115  2.20468138e-012 -1.72248975e-012  4.14422119e-090
  -1.50760588e-011  1.17787345e-011 -1.46132621e-131  5.00843585e-019
  -3.91302773e-019]
 [-1.41134134e-115  2.20468138e-012 -1.72248975e-012  4.14422119e-090
  -1.50760588e-011  1.17787345e-011 -1.46132621e-131  5.00843585e-019
  -3.91302773e-019]
 [-5.68642251e-053  2.19038006e-001 -1.71131630e-001  9.48646079e-046
  -2.34035835e-001  1.82849245e-001 -1.00218694e-052  2.57470535e-004
  -2.01158480e-004]
 [ 9.97618662e-045  3.34133613e+006 -2.61054375e+006  1.20463931e-038
  -1.01224232e+006  7.90852149e+005  5.85693019e-042  7.07930283e+004
  -5.53096997e+004]
 [ 0.00000000e+000  0.00000000e+000  0.00000000e+000  0.00000000e+000
   0.00000000e+000  0.00000000e+000  0.00000000e+000  0.00000000e+000
   0.00000000e+000]
 [ 0.00000000e+000  0.00000000e+000  0.00000000e+000  0.00000000e+000
   0.00000000e+000  0.00000000e+000  0.00000000e+000  0.00000000e+000
   0.00000000e+000]
 [-1.38627733e-109 -1.37728755e-011  1.07605739e-011 -5.81184506e-136
  -4.46787448e-016  3.49069395e-016  1.49436010e-087  5.98871884e-011
  -4.67891046e-011]
 [-1.38627733e-109 -1.37728755e-011  1.07605739e-011 -5.81184506e-136
  -4.46787448e-016  3.49069395e-016  1.49436010e-087  5.98871884e-011
  -4.67891046e-011]
 [-4.94879194e-037 -7.06213746e+012  5.51755889e+012 -1.44005396e-040
  -5.66971083e+011  4.42967353e+011  4.39559576e-033  7.20799995e+011
  -5.63151941e+011]
 [ 1.10878719e-020 -8.42065884e+028  6.57895450e+028  6.76344788e-017
  -1.28140318e+029  1.00114414e+029  4.01461419e-018  6.18794808e+026
  -4.83456575e+026]
 [ 0.00000000e+000  0.00000000e+000  0.00000000e+000  0.00000000e+000
   0.00000000e+000  0.00000000e+000  0.00000000e+000  0.00000000e+000
   0.00000000e+000]
 [ 0.00000000e+000  0.00000000e+000  0.00000000e+000  0.00000000e+000
   0.00000000e+000  0.00000000e+000  0.00000000e+000  0.00000000e+000
   0.00000000e+000]]
