Descriptors [[4.42068701 0.99131111 0.0101271 ]
 [1.30749688 0.51651059 0.        ]
 [1.04254313 0.15909314 0.        ]]
Derivs [[ 2.36560152e-098  4.37995951e-026 -3.42200710e-026 -6.88221481e-165
  -5.70033868e-028  4.45360269e-028 -2.66481214e-153  9.72103647e-030
  -7.59492313e-030]
 [-6.61952075e-053  1.06358804e-009 -8.30967918e-010 -5.21202889e-069
  -3.43556816e-010  2.68416605e-010 -5.47664100e-064  7.29781772e-011
  -5.70169290e-011]
 [ 1.36945349e+024 -2.26157995e+039  1.95277673e+039  8.27883274e+025
  -7.37871854e+042  5.83288633e+042  1.06556589e+027  1.28916436e+043
  -1.05930593e+043]
 [-1.41134134e-115  2.20468138e-012 -1.72248975e-012  4.14422119e-090
  -1.50760588e-011  1.17787345e-011 -1.46132621e-131  5.00843585e-019
  -3.91302773e-019]
 [-5.68642251e-053  2.19038006e-001 -1.71131630e-001  9.48646079e-046
  -2.34035835e-001  1.82849245e-001 -1.00218694e-052  2.57470535e-004
  -2.01158480e-004]
 [ 0.00000000e+000  0.00000000e+000  0.00000000e+000  0.00000000e+000
   0.00000000e+000  0.00000000e+000  0.00000000e+000  0.00000000e+000
   0.00000000e+000]
 [-1.38627733e-109 -1.37728755e-011  1.07605739e-011 -5.81184506e-136
  -4.46787448e-016  3.49069395e-016  1.49436010e-087  5.98871884e-011
  -4.67891046e-011]
 [-4.94879194e-037 -7.06213746e+012  5.51755889e+012 -1.44005396e-040
  -5.66971083e+011  4.42967353e+011  4.39559576e-033  7.20799995e+011
  -5.63151941e+011]
 [ 0.00000000e+000  0.00000000e+000  0.00000000e+000  0.00000000e+000
   0.00000000e+000  0.00000000e+000  0.00000000e+000  0.00000000e+000
   0.00000000e+000]]
